896 472
895 495
898 520
903 544
910 568
921 592
934 613
950 629
973 633
999 631
1021 618
1041 601
1057 582
1069 560
1075 534
1080 507
1082 479
899 452
910 441
927 442
943 446
959 454
989 457
1007 449
1026 447
1045 449
1060 459
974 478
973 497
972 516
970 535
952 543
961 548
971 551
983 547
994 542
917 475
927 469
941 470
952 480
939 482
926 481
1003 481
1016 474
1029 474
1038 482
1029 486
1016 485
935 576
949 570
961 567
971 571
982 568
996 571
1008 577
995 582
982 587
970 587
959 587
948 583
941 576
961 575
971 576
983 575
1002 576
982 575
970 577
960 575
