939 379
937 401
936 425
937 446
944 466
957 485
975 500
992 515
1010 519
1026 519
1042 509
1056 495
1068 480
1078 463
1085 446
1089 429
1092 411
963 375
976 369
991 372
1005 376
1021 383
1050 389
1063 386
1074 385
1084 387
1093 392
1033 400
1032 412
1032 425
1031 438
1011 446
1018 449
1026 452
1034 452
1040 450
977 393
987 390
999 391
1008 399
997 400
985 399
1050 405
1061 400
1071 401
1079 406
1071 409
1061 409
989 471
1003 467
1017 464
1023 467
1031 467
1042 472
1048 480
1037 486
1026 488
1017 487
1010 485
999 479
995 472
1015 472
1022 474
1030 474
1044 479
1028 476
1020 476
1013 474
