63 127
59 140
57 155
58 169
61 183
66 196
73 207
82 217
94 222
108 223
125 218
140 211
153 201
161 187
165 171
165 156
165 141
71 107
75 103
81 103
88 105
94 109
111 113
118 110
127 109
136 111
143 117
100 123
98 132
96 141
94 150
88 159
92 161
96 163
101 163
106 162
75 123
80 121
86 121
92 126
85 126
79 125
115 129
121 126
128 127
134 130
128 132
121 131
78 181
84 175
90 174
94 176
99 175
106 178
115 185
105 188
98 189
93 189
88 188
83 185
82 181
90 180
94 181
99 181
111 184
98 183
94 182
89 181
